libsigrok 0.6.0-git-f06f788
Acquisition with 4/16 channels at 20 kHz
RST:11111111 11111111 11111111 11111111 11111111 11111111 11111111 11111111
SCLK:00000000 00000000 00000000 00000000 00000000 00000000 00000000 00000000
MISO:11111111 11111111 11111111 11111111 11111111 11111111 11111111 11111111
MOSI:11111111 11111111 11111111 11111111 11111111 11111111 11111111 11111111
RST:11111111 11111111 11111111 11111111 11111111 11111111 11111111 11111000
SCLK:00000000 00000000 00000000 00000000 00000000 00000000 00000000 00000000
MISO:11111111 11111111 11111111 11111111 11111111 11111111 11111111 11111111
MOSI:11111111 11111111 11111111 11111111 11111111 11111111 11111111 11111111
RST:00000000 00000000 00000000 00000000 00000000 00000000 00000000 00000000
SCLK:00000000 00000000 00000000 00000000 00000000 00000000 00000000 00000000
MISO:11111111 11111111 11111111 11111111 11111111 11111111 11111111 11111111
MOSI:11111111 11111111 11111111 11111111 11111111 11111111 11111111 11111111
RST:00000000 00000000 00000000 00000000 00000000 00000000 00000000 00000000
SCLK:00000000 00000000 00000000 00000000 00000000 00000000 00000000 00000000
MISO:11111111 11111111 11111111 11111111 11111111 11111111 11111111 11111111
MOSI:11111111 11111111 11111111 11111111 11111111 11111111 11111111 11111111
RST:00000000 00000000 00000000 00000000 00000000 00000000 00000000 00000000
SCLK:00000000 00000000 00000000 00000000 00000000 00000000 00000000 00000000
MISO:11111111 11111111 11111111 11111111 11111111 11111111 11111111 11111111
MOSI:11111111 11111111 11111111 11111111 11111111 11111111 11111111 11111111
RST:00000000 00000000 00000000 00000000 00000000 00000000 00000000 00000000
SCLK:00000000 00000000 00000000 00000000 00000000 00000000 00000000 00000000
MISO:11111111 11111111 11111111 11111111 11111111 11111111 11111111 11111111
MOSI:11111111 11111111 11111111 11111111 11111111 11111111 11111111 11111111
RST:00000000 00000000 00000000 00000000 00000000 00000000 00000000 00000000
SCLK:00000000 00000000 00000000 00000000 00000000 00000000 00000000 00000000
MISO:11111111 11111111 11111111 11111111 11111111 11111111 11111111 11111111
MOSI:11111111 11111111 11111111 11111111 11111111 11111111 11111111 11111111
RST:00000000 00000000 00000000 00000000 00000000 00000000 00000000 00000000
SCLK:00000000 00000000 00000000 00000000 00000000 00000000 00000000 00000000
MISO:11111111 11111111 11111111 11111111 11111111 11111111 11111111 11111111
MOSI:11111111 11111111 11111111 11111111 11111111 11111111 11111111 11111111
RST:00000000 00000000 00000000 00000000 00000000 00000000 00000000 00000000
SCLK:00000000 00000000 00000000 00000000 00000000 00000000 00000000 00000000
MISO:11111111 11111111 11111111 11111111 11111111 11111111 11111111 11111111
MOSI:11111111 11111111 11111111 11111111 11111111 11111111 11111111 11111111
RST:00000000 00000000 00000000 00000000 00000000 00000000 00000000 00000000
SCLK:00000000 00000000 00000000 00000000 00000000 00000000 00000000 00000000
MISO:11111111 11111111 11111111 11111111 11111111 11111111 11111111 11111111
MOSI:11111111 11111111 11111111 11111111 11111111 11111111 11111111 11111111
RST:00000000 00000000 00000000 00000000 00000000 00000000 00000000 00000000
SCLK:00000000 00000000 00000000 00000000 00000000 00000000 00000000 00000000
MISO:11111111 11111111 11111111 11111111 11111111 11111111 11111111 11111111
MOSI:11111111 11111111 11111111 11111111 11111111 11111111 11111111 11111111
RST:00000000 00000000 00000000 00000000 00000000 00000000 00000000 00000000
SCLK:00000000 00000000 00000000 00000000 00000000 00000000 00000000 00000000
MISO:11111111 11111111 11111111 11111111 11111111 11111111 11111111 11111111
MOSI:11111111 11111111 11111111 11111111 11111111 11111111 11111111 11111111
RST:00000000 00000000 00000000 00000000 00000000 00000000 00000000 00000000
SCLK:00000000 00000000 00000000 00000000 00000000 00000000 00000000 00000000
MISO:11111111 11111111 11111111 11111111 11111111 11111111 11111111 11111111
MOSI:11111111 11111111 11111111 11111111 11111111 11111111 11111111 11111111
RST:00000000 00000000 00000000 00000000 00000000 00000000 00000000 00000000
SCLK:00000000 00000000 00000000 00000000 00000000 00000000 00000000 00000000
MISO:11111111 11111111 11111111 11111111 11111111 11111111 11111111 11111111
MOSI:11111111 11111111 11111111 11111111 11111111 11111111 11111111 11111111
RST:00000000 00000000 00000000 00000000 00000000 00000000 00000000 00000000
SCLK:00000000 00000000 00000000 00000000 00000000 00000000 00000000 00000000
MISO:11111111 11111111 11111111 11111111 11111111 11111111 11111111 11111111
MOSI:11111111 11111111 11111111 11111111 11111111 11111111 11111111 11111111
RST:00000000 00000000 00000000 00000000 00000000 00000000 00000000 00000000
SCLK:00000000 00000000 00000000 00000000 00000000 00000000 00000000 00000000
MISO:11111111 11111111 11111111 11111111 11111111 11111111 11111111 11111111
MOSI:11111111 11111111 11111111 11111111 11111111 11111111 11111111 11111111
RST:00000000 00000000 00000000 00000000 00000000 00000000 00000000 00000000
SCLK:00000000 00000000 00000000 00000000 00000000 00000000 00000000 00000000
MISO:11111111 11111111 11111111 11111111 11111111 11111111 11111111 11111111
MOSI:11111111 11111111 11111111 11111111 11111111 11111111 11111111 11111111
RST:00000000 00000000 00000000 00000000 00000000 00000000 00000000 00000000
SCLK:00000000 00000000 00000000 00000000 00000000 00000000 00000000 00000000
MISO:11111111 11111111 11111111 11111111 11111111 11111111 11111111 11111111
MOSI:11111111 11111111 11111111 11111111 11111111 11111111 11111111 11111111
RST:00000000 00000000 00000000 00000000 00000000 00000000 00000000 00000000
SCLK:00000000 00000000 00000000 00000000 00000000 00000000 00000000 00000000
MISO:11111111 11111111 11111111 11111111 11111111 11111111 11111111 11111111
MOSI:11111111 11111111 11111111 11111111 11111111 11111111 11111111 11111111
RST:00000000 00000000 00000000 00000000 00000000 00000000 00000000 00000000
SCLK:00000000 00000000 00000000 00000000 00000000 00000000 00000000 00000000
MISO:11111111 11111111 11111111 11111111 11111111 11111111 11111111 11111111
MOSI:11111111 11111111 11111111 11111111 11111111 11111111 11111111 11111111
RST:00000000 00000000 00000000 00000000 00000000 00000000 00000000 00000000
SCLK:00000000 00000000 00000000 00000000 00000000 00000000 00000000 00000000
MISO:11111111 11111111 11111111 11111111 11111111 11111111 11111111 11111111
MOSI:11111111 11111111 11111111 11111111 11111111 11111111 11111111 11111111
RST:00000000 00000000 00000000 00000000 00000000 00000000 00000000 00000000
SCLK:00000000 00000000 00000000 00000000 00000000 00000000 00000000 00000000
MISO:11111111 11111111 11111111 11111111 11111111 11111111 11111111 11111111
MOSI:11111111 11111111 11111111 11111111 11111111 11111111 11111111 11111111
RST:00000000 00000000 00000000 00000000 00000000 00000000 00000000 00000000
SCLK:00000000 00000000 00000000 00000000 00000000 00000000 00000000 00000000
MISO:11111111 11111111 11111111 11111111 11111111 11111111 11111111 11111111
MOSI:11111111 11111111 11111111 11111111 11111111 11111111 11111111 11111111
RST:00000000 00000000 00000000 00000000 00000000 00000000 00000000 00000000
SCLK:00000000 00000000 00000000 00000000 00000000 00000000 00000000 00000000
MISO:11111111 11111111 11111111 11111111 11111111 11111111 11111111 11111111
MOSI:11111111 11111111 11111111 11111111 11111111 11111111 11111111 11111111
RST:00000000 00000000 00000000 00000000 00000000 00000000 00000000 00000000
SCLK:00000000 00000000 00000000 00000000 00000000 00000000 00000000 00000000
MISO:11111111 11111111 11111111 11111111 11111111 11111111 11111111 11111111
MOSI:11111111 11111111 11111111 11111111 11111111 11111111 11111111 11111111
RST:00000000 00000000 00000000 00000000 00000000 00000000 00000000 00000000
SCLK:00000000 00000000 00000000 00000000 00000000 00000000 00000000 00000000
MISO:11111111 11111111 11111111 11111111 11111111 11111111 11111111 11111111
MOSI:11111111 11111111 11111111 11111111 11111111 11111111 11111111 11111111
RST:00000000 00000000 00000000 00000000 00000000 00000000 00000000 00000000
SCLK:00000000 00000000 00000000 00000000 00000000 00000000 00000000 00000000
MISO:11111111 11111111 11111111 11111111 11111111 11111111 11111111 11111111
MOSI:11111111 11111111 11111111 11111111 11111111 11111111 11111111 11111111
RST:00000000 00000000 00000000 00000000 00000000 00000000 00000000 00000000
SCLK:00000000 00000000 00000000 00000000 00000000 00000000 00000000 00000000
MISO:11111111 11111111 11111111 11111111 11111111 11111111 11111111 11111111
MOSI:11111111 11111111 11111111 11111111 11111111 11111111 11111111 11111111
RST:00000000 00000000 00000000 00000000 00000000 00000000 00000000 00000000
SCLK:00000000 00000000 00000000 00000000 00000000 00000000 00000000 00000000
MISO:11111111 11111111 11111111 11111111 11111111 11111111 11111111 11111111
MOSI:11111111 11111111 11111111 11111111 11111111 11111111 11111111 11111111
RST:00000000 00000000 00000000 00000000 00000000 00000000 00000000 00000000
SCLK:00000000 00000000 00000000 00000000 00000000 00000000 00000000 00000000
MISO:11111111 11111111 11111111 11111111 11111111 11111111 11111111 11111111
MOSI:11111111 11111111 11111111 11111111 11111111 11111111 11111111 11111111
RST:00000000 00000000 00000000 00000000 00000000 00000000 00000000 00000000
SCLK:00000000 00000000 00000000 00000000 00000000 00000000 00000000 00000000
MISO:11111111 11111111 11111111 11111111 11111111 11111111 11111111 11111111
MOSI:11111111 11111111 11111111 11111111 11111111 11111111 11111111 11111111
RST:00000000 00000000 00000000 00000000 00000000 00000000 00000000 00000000
SCLK:00000000 00000000 00000000 00000000 00000000 00000000 00000000 00000000
MISO:11111111 11111111 11111111 11111111 11111111 11111111 11111111 11111111
MOSI:11111111 11111111 11111111 11111111 11111111 11111111 11111111 11111111
RST:00000000 00000000 00000000 00000000 00000000 00000000 00000000 00000000
SCLK:00000000 00000000 00000000 00000000 00000000 00000000 00000000 00000000
MISO:11111111 11111111 11111111 11111111 11111111 11111111 11111111 11111111
MOSI:11111111 11111111 11111111 11111111 11111111 11111111 11111111 11111111
RST:00000000 00000000 00000000 00000000 00000000 00000000 00000000 00000000
SCLK:00000000 00000000 01100010 01100000 10100010 00100000 10001011 00100000
MISO:11111111 11111110 00000010 00000010 00000000 00000000 10000010 10000010
MOSI:11111111 11111111 10000001 10000001 10000001 10000001 00000000 00100000
RST:00000000 00000000 00000000 00000000 00000000 00000000 00000000 00000000
SCLK:11001000 11001011 00110011 00110000 11001111 00110011 00110000 11001100
MISO:01000010 01000000 01000000 01000000 11000011 11000011 11000011 00000011
MOSI:10100000 10100000 10010000 10010000 00010000 00110000 00110000 11110000
RST:00000000 00000000 00000000 00000000 00000000 00000000 00000000 00000000
SCLK:00110001 00110000 01001100 01001101 00010000 01000100 01000101 10010001
MISO:00000001 00000001 00000001 00000000 00000000 01000000 01000001 01000001
MOSI:11000000 11000000 11000000 11000000 11000000 10000000 10000000 00010000
RST:00000000 00000000 00000000 00000000 00000000 00000000 00000000 00000000
SCLK:10010100 01100101 10011001 10011000 01100111 10011001 10011000 01100110
MISO:01000001 00100000 00100000 00100000 01100001 11100001 11100001 10000001
MOSI:00010000 01010000 01001000 01001000 00001000 00011000 00011000 01111000
RST:00000000 00000000 00111111 11111111 11111111 11111111 11111111 11111111
SCLK:01100110 10011000 01111111 11111111 11111111 11111111 11111111 11111111
MISO:10000000 10000000 01111111 11111111 11111111 11111111 11111111 11111111
MOSI:01111000 01100000 00111111 11111111 11111111 11111111 11111111 11111111
RST:11111111 11111111 11111111 11111111 11111111 11111111 11111111 11111111
SCLK:11111111 11111111 11111111 11111111 11111111 11111111 11111111 11111111
MISO:11111111 11111111 11111111 11111111 11111111 11111111 11111111 11111111
MOSI:11111111 11111111 11111111 11111111 11111111 11111111 11111111 11111111
RST:11111111 11111111 11111111 11111111 11111111 11111111 11111111 11111111
SCLK:11111111 11111111 11111111 11111111 11111111 11111111 11111111 11111111
MISO:11111111 11111111 11111111 11111111 11111111 11111111 11111111 11111111
MOSI:11111111 11111111 11111111 11111111 11111111 11111111 11111111 11111111
RST:11111111 11111111 11111111 11111111 11111111 11111111 11111111 11111111
SCLK:11111111 11111111 11111111 11111111 11111111 11111111 11111111 11111111
MISO:11111111 11111111 11111111 11111111 11111111 11111111 11111111 11111111
MOSI:11111111 11111111 11111111 11111111 11111111 11111111 11111111 11111111
RST:11111111 11111111 11111111 11111111 11111111 11111111 11111111 11111111
SCLK:11111111 11111111 11111111 11111111 11111111 11111111 11111111 11111111
MISO:11111111 11111111 11111111 11111111 11111111 11111111 11111111 11111111
MOSI:11111111 11111111 11111111 11111111 11111111 11111111 11111111 11111111
RST:11111111 11111111 11111111 11111111 11111111 11111111 11111111 11111111
SCLK:11111111 11111111 11111111 11111111 11111111 11111111 11111111 11111111
MISO:11111111 11111111 11111111 11111111 11111111 11111111 11111111 11111111
MOSI:11111111 11111111 11111111 11111111 11111111 11111111 11111111 11111111
RST:11111111 11111111 11111111 11111111 11111111 11111111 11111111 11111111
SCLK:11111111 11111111 11111111 11111111 11111111 11111111 11111111 11111111
MISO:11111111 11111111 11111111 11111111 11111111 11111111 11111111 11111111
MOSI:11111111 11111111 11111111 11111111 11111111 11111111 11111111 11111111
RST:11111111 11111111 11111111 11111111 11111111 11111111 11111111 11111111
SCLK:11111111 11111111 11111111 11111111 11111111 11111111 11111111 11111111
MISO:11111111 11111111 11111111 11111111 11111111 11111111 11111111 11111111
MOSI:11111111 11111111 11111111 11111111 11111111 11111111 11111111 11111111
RST:11111111 11111111 11111111 11111111 11111111 11111111 11111111 11111111
SCLK:11111111 11111111 11111111 11111111 11111111 11111111 11111111 11111111
MISO:11111111 11111111 11111111 11111111 11111111 11111111 11111111 11111111
MOSI:11111111 11111111 11111111 11111111 11111111 11111111 11111111 11111111
RST:11111111 11111111 11111111 11111111 11111111 11111111 11111111 11111111
SCLK:11111111 11111111 11111111 11111111 11111111 11111111 11111111 11111111
MISO:11111111 11111111 11111111 11111111 11111111 11111111 11111111 11111111
MOSI:11111111 11111111 11111111 11111111 11111111 11111111 11111111 11111111
RST:11111111 11111111 11111111 11111111 11111111 11111111 11111111 11111111
SCLK:11111111 11111111 11111111 11111111 11111111 11111111 11111111 11111111
MISO:11111111 11111111 11111111 11111111 11111111 11111111 11111111 11111111
MOSI:11111111 11111111 11111111 11111111 11111111 11111111 11111111 11111111
RST:11111111 11111111 11111111 11111111 11111111 11111111 11111111 11111111
SCLK:11111111 11111111 11111111 11111111 11111111 11111111 11111111 11111111
MISO:11111111 11111111 11111111 11111111 11111111 11111111 11111111 11111111
MOSI:11111111 11111111 11111111 11111111 11111111 11111111 11111111 11111111
RST:11111111 11111111 11111111 11111111 11111111 11111111 11111111 11111111
SCLK:11111111 11111111 11111111 11111111 11111111 11111111 11111111 11111111
MISO:11111111 11111111 11111111 11111111 11111111 11111111 11111111 11111111
MOSI:11111111 11111111 11111111 11111111 11111111 11111111 11111111 11111111
RST:11111111 11111111 11111111 11111111 11111111 11111111 11111111 11111111
SCLK:11111111 11111111 11111111 11111111 11111111 11111111 11111111 11111111
MISO:11111111 11111111 11111111 11111111 11111111 11111111 11111111 11111111
MOSI:11111111 11111111 11111111 11111111 11111111 11111111 11111111 11111111
RST:11111111 11111111 11111111 11111111 11111111 11111111 11111111 11111111
SCLK:11111111 11111111 11111111 11111111 11111111 11111111 11111111 11111111
MISO:11111111 11111111 11111111 11111111 11111111 11111111 11111111 11111111
MOSI:11111111 11111111 11111111 11111111 11111111 11111111 11111111 11111111
RST:11111111 11111111 11111111 11111111 11111111 11111111 11111111 11111111
SCLK:11111111 11111111 11111111 11111111 11111111 11111111 11111111 11111111
MISO:11111111 11111111 11111111 11111111 11111111 11111111 11111111 11111111
MOSI:11111111 11111111 11111111 11111111 11111111 11111111 11111111 11111111
RST:11111111 11111111 11111111 11111111 11111111 11111111 11111111 11111111
SCLK:11111111 11111111 11111111 11111111 11111111 11111111 11111111 11111111
MISO:11111111 11111111 11111111 11111111 11111111 11111111 11111111 11111111
MOSI:11111111 11111111 11111111 11111111 11111111 11111111 11111111 11111111
RST:11111111 11111111 11111111 11111111 11111111 11111111 11111111 11111111
SCLK:11111111 11111111 11111111 11111111 11111111 11111111 11111111 11111111
MISO:11111111 11111111 11111111 11111111 11111111 11111111 11111111 11111111
MOSI:11111111 11111111 11111111 11111111 11111111 11111111 11111111 11111111
RST:11111111 11111111 11111111 11111111 11111111 11111111 11111111 11111111
SCLK:11111111 11111111 11111111 11111111 11111111 11111111 11111111 11111111
MISO:11111111 11111111 11111111 11111111 11111111 11111111 11111111 11111111
MOSI:11111111 11111111 11111111 11111111 11111111 11111111 11111111 11111111
RST:11111111 11111111 11111111 11111111 11111111 11111111 11111111 11111111
SCLK:11111111 11111111 11111111 11111111 11111111 11111111 11111111 11111111
MISO:11111111 11111111 11111111 11111111 11111111 11111111 11111111 11111111
MOSI:11111111 11111111 11111111 11111111 11111111 11111111 11111111 11111111
RST:11111111 11111111 11111111 11111111 11111111 11111111 11111111 11111111
SCLK:11111111 11111111 11111111 11111111 11111111 11111111 11111111 11111111
MISO:11111111 11111111 11111111 11111111 11111111 11111111 11111111 11111111
MOSI:11111111 11111111 11111111 11111111 11111111 11111111 11111111 11111111
RST:11111111 11111111 11111111 11111111 11111111 11111111 11111111 11111111
SCLK:11111111 11111111 10000000 00000000 00000000 00000000 00000000 00000000
MISO:11111111 11111111 11111111 11111111 11111111 11111111 11111111 11111111
MOSI:11111111 11111111 11111111 11111111 11111111 11111111 11111111 11111111
RST:11111111 11111111 11111111 11111111 11111111 11111111 11111111 11111111
SCLK:00000000 00000000 00000000 00000000 00000000 00000000 00000000 00000000
MISO:11111111 11111111 11111111 11111111 11111111 11111111 11111111 11111111
MOSI:11111111 11111111 11111111 11111111 11111111 11111111 11111111 11111111
RST:11111111 11111111 11111111 11111111 11111111 11111111 11111111 11111111
SCLK:00000000 00000000 00000000 00000000 00000000 00000000 00000000 00000000
MISO:11111111 11111111 11111111 11111111 11111111 11111111 11111111 11111111
MOSI:11111111 11111111 11111111 11111111 11111111 11111111 11111111 11111111
RST:11111111 11111111 11111111 11111111 11111111 11111111 11111111 11111111
SCLK:00000000 00000000 00000000 00000000 00000000 00000000 00000100 00010010
MISO:11111111 11111111 11111111 11111111 11111111 11111111 11111011 01101101
MOSI:11111111 11111111 11111111 11111111 11111111 11111111 11111111 11111111
RST:11111111 11111111 11111111 11111111 11111111 11111111 11111111 11111111
SCLK:01001001 00100000 10000000 00000000 00000000 00000000 00000000 00000000
MISO:10110110 11011011 01101111 10111111 11111111 11111111 11111111 11111111
MOSI:11111111 11111111 11111111 11111111 11111111 11111111 11111111 11111111
RST:11111111 11111111 11111111 11111111 11111111 11111111 11111111 11111111
SCLK:00000000 00000000 00000000 00000000 00000000 00000000 00000000 00000000
MISO:11111111 11111111 11111111 11111111 11111111 11111111 11111111 11111111
MOSI:11111111 11111111 11111111 11111111 11111111 11111111 11111111 11111111
RST:11111111 11111111 11111111 11111111 11111111 11111111 11111111 11111111
SCLK:00000000 00000000 00000000 00000000 00000000 00000000 00000000 00000000
MISO:11111111 11111111 11111111 11111111 11111111 11111111 11111111 11111111
MOSI:11111111 11111111 11111111 11111111 11111111 11111111 11111111 11111111
RST:11111111 11111111 11111111 11111111 11111111 11111111 11111111 11111111
SCLK:00000000 00000000 00000000 00000000 00000000 00000000 00000000 00000000
MISO:11111111 11111111 11111111 11111111 11111111 11111111 11111111 11111111
MOSI:11111111 11111111 11111111 11111111 11111111 11111111 11111111 11111111
RST:11111111 11111111 11111111 11111111 11111111 11111111 11111111 11111111
SCLK:00000000 00000000 00000000 00000000 00000000 00000000 00000000 00000000
MISO:11111111 11111111 11111111 11111111 11111111 11111111 11111111 11111111
MOSI:11111111 11111111 11111111 11111111 11111111 11111111 11111111 11111111
